# Element stress/strain results
# ElemID CenterX CenterY StrainX StrainY ShearXY StressX StressY ShearXY VonMises
0 0.025 0.025 7.73485e-05 -1.0633e-05 3.55865e-05 1.71135e+07 2.90113e+06 2.87429e+06 1.6626e+07
1 0.075 0.025 6.87276e-05 -1.98693e-05 1.29944e-05 1.44847e+07 172838 1.04955e+06 1.45133e+07
2 0.125 0.025 6.141e-05 -1.79448e-05 8.37131e-06 1.29292e+07 110358 676144 1.29275e+07
3 0.175 0.025 5.57824e-05 -1.66586e-05 7.08349e-06 1.17196e+07 17572.7 572128 1.17527e+07
4 0.225 0.025 5.06329e-05 -1.51709e-05 6.77466e-06 1.06342e+07 4382.95 547184 1.06742e+07
5 0.275 0.025 4.56312e-05 -1.36985e-05 6.76369e-06 9.58192e+06 -2097.84 546298 9.62957e+06
6 0.325 0.025 4.06323e-05 -1.22036e-05 6.84094e-06 8.53182e+06 -3209.23 552537 8.58692e+06
7 0.375 0.025 3.55958e-05 -1.06904e-05 6.92607e-06 7.47431e+06 -2697.55 559414 7.53819e+06
8 0.425 0.025 3.05238e-05 -9.16173e-06 6.98057e-06 6.40967e+06 -1061.72 563815 6.48416e+06
9 0.475 0.025 2.54451e-05 -7.62596e-06 6.97324e-06 5.34399e+06 1745.9 563223 5.43145e+06
10 0.525 0.025 2.04144e-05 -6.09742e-06 6.86433e-06 4.28889e+06 6208.11 554426 4.39206e+06
11 0.575 0.025 1.55197e-05 -4.59987e-06 6.59791e-06 3.26303e+06 12935.2 532908 3.38486e+06
12 0.625 0.025 1.08927e-05 -3.17101e-06 6.10224e-06 2.29418e+06 22341.4 492873 2.43747e+06
13 0.675 0.025 6.71532e-06 -1.86674e-06 5.3019e-06 1.42045e+06 34121.3 428231 1.58762e+06
14 0.725 0.025 3.21284e-06 -7.61969e-07 4.14741e-06 688673 46588.4 334983 883741
15 0.775 0.025 6.21156e-07 5.69136e-08 2.66324e-06 147284 56137 215108 394195
16 0.825 0.025 -8.81945e-07 5.12569e-07 1.00501e-06 -168040 57227.3 81173.7 246772
17 0.875 0.025 -1.27885e-06 5.69827e-07 -4.92993e-07 -255670 42962.7 -39818.7 288017
18 0.925 0.025 -8.24088e-07 2.69197e-07 -1.29028e-06 -171537 5070.14 -104215 250804
19 0.975 0.025 -1.48648e-07 -1.40642e-07 -7.61624e-07 -44040 -42746.8 -61515.8 115051
20 0.025 0.075 5.15925e-05 -4.01354e-06 3.15774e-05 1.16281e+07 2.64558e+06 2.55049e+06 1.14439e+07
21 0.075 0.075 5.44744e-05 -1.09269e-05 2.9966e-05 1.18145e+07 1.24971e+06 2.42033e+06 1.19981e+07
22 0.125 0.075 5.16446e-05 -1.39346e-05 2.28754e-05 1.09533e+07 359731 1.84763e+06 1.1243e+07
23 0.175 0.075 4.76554e-05 -1.37424e-05 1.99381e-05 1.0046e+07 127895 1.61039e+06 1.0365e+07
24 0.225 0.075 4.35885e-05 -1.29384e-05 1.88399e-05 9.16315e+06 31888.5 1.52168e+06 9.51939e+06
25 0.275 0.075 3.95626e-05 -1.18705e-05 1.85487e-05 8.30802e+06 -389.952 1.49817e+06 8.70402e+06
26 0.325 0.075 3.5571e-05 -1.07153e-05 1.85601e-05 7.46686e+06 -10162.5 1.49909e+06 7.91023e+06
27 0.375 0.075 3.15962e-05 -9.51905e-06 1.86482e-05 6.63241e+06 -9278.34 1.5062e+06 7.13137e+06
28 0.425 0.075 2.76322e-05 -8.29821e-06 1.86924e-05 5.80218e+06 -1970.48 1.50977e+06 6.36513e+06
29 0.475 0.075 2.36864e-05 -7.05502e-06 1.86008e-05 4.97767e+06 11745.4 1.50238e+06 5.61162e+06
30 0.525 0.075 1.97802e-05 -5.78747e-06 1.8271e-05 4.16399e+06 33826.9 1.47573e+06 4.87159e+06
31 0.575 0.075 1.59528e-05 -4.4957e-06 1.75706e-05 3.37018e+06 66956.7 1.41917e+06 4.14476e+06
32 0.625 0.075 1.22675e-05 -3.1909e-06 1.6337e-05 2.61005e+06 112926 1.31953e+06 3.42838e+06
33 0.675 0.075 8.8191e-06 -1.90832e-06 1.4402e-05 1.90306e+06 170171 1.16323e+06 2.71774e+06
34 0.725 0.075 5.73945e-06 -7.22756e-07 1.16555e-05 1.27445e+06 230557 941408 2.01055e+06
35 0.775 0.075 3.19054e-06 2.42096e-07 8.15315e-06 753039 276752 658524 1.31766e+06
36 0.825 0.075 1.3328e-06 8.24211e-07 4.24355e-06 364630 282473 342748 679836
37 0.875 0.075 2.66329e-07 8.62754e-07 6.52414e-07 121190 217535 52694.9 209704
38 0.925 0.075 -3.3175e-08 2.63872e-07 -1.59479e-06 10612.3 58596.9 -128810 229566
39 0.975 0.075 2.18088e-07 -8.18685e-07 -1.42429e-06 -6350.25 -173829 -115039 262402
40 0.025 0.125 3.83528e-05 -1.96559e-06 2.74772e-05 8.71458e+06 2.2016e+06 2.21931e+06 8.73962e+06
41 0.075 0.125 4.00519e-05 -6.0311e-06 3.13551e-05 8.82522e+06 1.38103e+06 2.53253e+06 9.31906e+06
42 0.125 0.125 4.03348e-05 -9.21638e-06 3.07482e-05 8.66998e+06 665554 2.48351e+06 9.39919e+06
43 0.175 0.125 3.86083e-05 -1.04701e-05 2.89589e-05 8.18476e+06 256707 2.33899e+06 9.02041e+06
44 0.225 0.125 3.60811e-05 -1.04574e-05 2.79957e-05 7.60244e+06 84673.3 2.26119e+06 8.51466e+06
45 0.275 0.125 3.32868e-05 -9.93344e-06 2.76095e-05 6.99386e+06 12136.3 2.23e+06 7.98424e+06
46 0.325 0.125 3.04189e-05 -9.17846e-06 2.75216e-05 6.3843e+06 -12186.3 2.2229e+06 7.46064e+06
47 0.375 0.125 2.754e-05 -8.3179e-06 2.75328e-05 5.77952e+06 -12901.2 2.2238e+06 6.95079e+06
48 0.425 0.125 2.46636e-05 -7.39132e-06 2.75109e-05 5.17988e+06 1786.99 2.22203e+06 6.45246e+06
49 0.475 0.125 2.17846e-05 -6.39903e-06 2.73435e-05 4.58422e+06 31469.4 2.20852e+06 5.95856e+06
50 0.525 0.125 1.88911e-05 -5.32029e-06 2.69045e-05 3.99115e+06 80084.1 2.17305e+06 5.45734e+06
51 0.575 0.125 1.59694e-05 -4.12636e-06 2.60316e-05 3.39958e+06 153339 2.10255e+06 4.93169e+06
52 0.625 0.125 1.30136e-05 -2.79685e-06 2.45189e-05 2.80951e+06 255514 1.98038e+06 4.35964e+06
53 0.675 0.125 1.00425e-05 -1.34775e-06 2.21321e-05 2.22419e+06 384231 1.78759e+06 3.71841e+06
54 0.725 0.125 7.12962e-06 1.27898e-07 1.86713e-05 1.65415e+06 523104 1.50807e+06 2.99456e+06
55 0.775 0.125 4.43471e-06 1.41938e-06 1.41035e-05 1.12166e+06 634568 1.13913e+06 2.20043e+06
56 0.825 0.125 2.21087e-06 2.19498e-06 8.76078e-06 662160 659593 707602 1.39243e+06
57 0.875 0.125 7.41276e-07 2.08097e-06 3.50334e-06 315131 531544 282962 674198
58 0.925 0.125 2.01672e-07 8.42024e-07 -3.25394e-07 104834 208275 -26281.8 186028
59 0.975 0.125 5.08931e-07 -1.46495e-06 -1.16813e-06 16026.1 -302831 -94349.1 351457
60 0.025 0.175 2.79373e-05 -1.18137e-06 2.52755e-05 6.36529e+06 1.6615e+06 2.04148e+06 6.72343e+06
61 0.075 0.175 2.92154e-05 -3.73044e-06 3.07329e-05 6.48375e+06 1.16173e+06 2.48227e+06 7.37165e+06
62 0.125 0.175 2.98478e-05 -6.07353e-06 3.32642e-05 6.46749e+06 664805 2.68672e+06 7.7218e+06
63 0.175 0.175 2.95041e-05 -7.49357e-06 3.38653e-05 6.28986e+06 313310 2.73527e+06 7.75468e+06
64 0.225 0.175 2.83541e-05 -8.00125e-06 3.37747e-05 5.98933e+06 116536 2.72796e+06 7.58373e+06
65 0.275 0.175 2.68141e-05 -7.93479e-06 3.36433e-05 5.63853e+06 25253.8 2.71734e+06 7.33506e+06
66 0.325 0.175 2.51183e-05 -7.57657e-06 3.35741e-05 5.27199e+06 -9482.76 2.71175e+06 7.06434e+06
67 0.375 0.175 2.33676e-05 -7.06107e-06 3.35425e-05 4.90369e+06 -11717.6 2.7092e+06 6.7914e+06
68 0.425 0.175 2.15892e-05 -6.43694e-06 3.34852e-05 4.53649e+06 9191.8 2.70457e+06 6.51785e+06
69 0.475 0.175 1.97698e-05 -5.69885e-06 3.33223e-05 4.16772e+06 53557.2 2.69141e+06 6.23544e+06
70 0.525 0.175 1.78695e-05 -4.80769e-06 3.29497e-05 3.79089e+06 127653 2.66132e+06 5.92884e+06
71 0.575 0.175 1.58279e-05 -3.70418e-06 3.22228e-05 3.39615e+06 240965 2.60261e+06 5.57622e+06
72 0.625 0.175 1.35719e-05 -2.32855e-06 3.09355e-05 2.97078e+06 402239 2.49864e+06 5.14994e+06
73 0.675 0.175 1.1039e-05 -6.58273e-07 2.88052e-05 2.50189e+06 612331 2.32657e+06 4.61966e+06
74 0.725 0.175 8.22792e-06 1.22205e-06 2.54868e-05 1.98335e+06 851636 2.05855e+06 3.96014e+06
75 0.775 0.175 5.28663e-06 3.02778e-06 2.06899e-05 1.42961e+06 1.06471e+06 1.67111e+06 3.1675e+06
76 0.825 0.175 2.58109e-06 4.21508e-06 1.44576e-05 887448 1.1514e+06 1.16773e+06 2.27646e+06
77 0.875 0.175 6.61718e-07 4.08196e-06 7.58351e-06 435301 987802 612514 1.3641e+06
78 0.925 0.175 -1.63183e-08 2.1021e-06 1.81551e-06 141764 483971 146637 500223
79 0.975 0.175 5.95344e-07 -1.69733e-06 -5.97103e-07 19879.8 -350475 -48227.5 370369
80 0.025 0.225 1.88348e-05 -8.21703e-07 2.36401e-05 4.2896e+06 1.11432e+06 1.90939e+06 5.07934e+06
81 0.075 0.225 1.98011e-05 -2.5021e-06 2.97091e-05 4.39626e+06 793436 2.39959e+06 5.80883e+06
82 0.125 0.225 2.05133e-05 -4.04025e-06 3.36554e-05 4.45413e+06 487785 2.71832e+06 6.33027e+06
83 0.175 0.225 2.0779e-05 -5.1339e-06 3.56414e-05 4.43974e+06 253801 2.87873e+06 6.59622e+06
84 0.225 0.225 2.06385e-05 -5.73494e-06 3.64086e-05 4.36571e+06 105375 2.94069e+06 6.67484e+06
85 0.275 0.225 2.02287e-05 -5.95718e-06 3.66196e-05 4.25575e+06 25719 2.95774e+06 6.65186e+06
86 0.325 0.225 1.96852e-05 -5.93706e-06 3.6645e-05 4.1317e+06 -7270.74 2.95979e+06 6.58651e+06
87 0.375 0.225 1.90772e-05 -5.76179e-06 3.66224e-05 4.00355e+06 -8911.98 2.95796e+06 6.50482e+06
88 0.425 0.225 1.84224e-05 -5.45986e-06 3.6583e-05 3.87333e+06 15429.5 2.95478e+06 6.41368e+06
89 0.475 0.225 1.76982e-05 -5.01406e-06 3.65109e-05 3.73708e+06 68172.8 2.94896e+06 6.3091e+06
90 0.525 0.225 1.68469e-05 -4.36892e-06 3.63617e-05 3.58528e+06 158113 2.9369e+06 6.17969e+06
91 0.575 0.225 1.5774e-05 -3.43738e-06 3.60543e-05 3.40219e+06 298806 2.91208e+06 6.00734e+06
92 0.625 0.225 1.43483e-05 -2.11329e-06 3.54409e-05 3.16485e+06 505664 2.86253e+06 5.76662e+06
93 0.675 0.225 1.2414e-05 -3.04796e-07 3.42503e-05 2.84367e+06 789093 2.76637e+06 5.42435e+06
94 0.725 0.225 9.83985e-06 1.98874e-06 3.20135e-05 2.40842e+06 1.14016e+06 2.58571e+06 4.94086e+06
95 0.775 0.225 6.64495e-06 4.50766e-06 2.80258e-05 1.84552e+06 1.50026e+06 2.26362e+06 4.27317e+06
96 0.825 0.225 3.24219e-06 6.52625e-06 2.16672e-05 1.20002e+06 1.73052e+06 1.75005e+06 3.39795e+06
97 0.875 0.225 5.02265e-07 6.82573e-06 1.31844e-05 588458 1.60994e+06 1.06489e+06 2.32224e+06
98 0.925 0.225 -5.07087e-07 4.23043e-06 4.72618e-06 175856 941148 381730 1.09011e+06
99 0.975 0.225 4.72188e-07 -1.36137e-06 -2.57786e-08 14718.1 -281471 -2082.12 289134
100 0.025 0.275 1.01283e-05 -6.07987e-07 2.22389e-05 2.29521e+06 560886 1.79622e+06 3.73824e+06
101 0.075 0.275 1.09031e-05 -1.66439e-06 2.85079e-05 2.40087e+06 370740 2.30256e+06 4.57351e+06
102 0.125 0.275 1.16032e-05 -2.46584e-06 3.28262e-05 2.50694e+06 234256 2.65134e+06 5.18085e+06
103 0.175 0.275 1.22859e-05 -3.10688e-06 3.521e-05 2.62013e+06 133593 2.84388e+06 5.5494e+06
104 0.225 0.275 1.29443e-05 -3.62003e-06 3.6272e-05 2.73653e+06 60752.6 2.92966e+06 5.75107e+06
105 0.275 0.275 1.35659e-05 -4.00848e-06 3.66416e-05 2.85308e+06 14143.7 2.95951e+06 5.86311e+06
106 0.325 0.275 1.41442e-05 -4.27802e-06 3.67253e-05 2.96788e+06 -8018.77 2.96627e+06 5.93536e+06
107 0.375 0.275 1.46852e-05 -4.4375e-06 3.67237e-05 3.08168e+06 -7371.84 2.96614e+06 5.99279e+06
108 0.425 0.275 1.51836e-05 -4.48376e-06 3.67284e-05 3.19348e+06 16455 2.96653e+06 6.0454e+06
109 0.475 0.275 1.5611e-05 -4.38686e-06 3.67868e-05 3.29882e+06 68406.6 2.97124e+06 6.09476e+06
110 0.525 0.275 1.59067e-05 -4.08319e-06 3.69303e-05 3.38809e+06 158959 2.98284e+06 6.1366e+06
111 0.575 0.275 1.59666e-05 -3.47003e-06 3.71775e-05 3.44438e+06 304607 3.0028e+06 6.16098e+06
112 0.625 0.275 1.56287e-05 -2.40315e-06 3.75064e-05 3.44025e+06 527412 3.02936e+06 6.15062e+06
113 0.675 0.275 1.46583e-05 -7.04446e-07 3.77789e-05 3.33392e+06 852242 3.05137e+06 6.07722e+06
114 0.725 0.275 1.27521e-05 1.7882e-06 3.75747e-05 3.0666e+06 1.2955e+06 3.03488e+06 5.89415e+06
115 0.775 0.275 9.62292e-06 5.07852e-06 3.59271e-05 2.57226e+06 1.83817e+06 2.90181e+06 5.52527e+06
116 0.825 0.275 5.31773e-06 8.50484e-06 3.10165e-05 1.81597e+06 2.33081e+06 2.50518e+06 4.82965e+06
117 0.875 0.275 1.07624e-06 1.02232e-05 2.15361e-05 956120 2.4337e+06 1.73945e+06 3.68609e+06
118 0.925 0.275 -1.14071e-06 7.61878e-06 9.15384e-06 264213 1.67921e+06 739349 2.02133e+06
119 0.975 0.275 2.08692e-07 -3.19846e-07 5.16024e-07 26016.5 -59362.7 41678.9 104674
120 0.025 0.325 1.15855e-06 -3.57205e-07 2.09819e-05 242627 -2224.9 1.69469e+06 2.94539e+06
121 0.075 0.325 1.71657e-06 -7.29861e-07 2.7123e-05 345603 -49590 2.1907e+06 3.81268e+06
122 0.125 0.325 2.46216e-06 -7.88046e-07 3.08926e-05 513635 -11399.3 2.49517e+06 4.35286e+06
123 0.175 0.325 3.62558e-06 -1.01622e-06 3.2733e-05 766318 16490.2 2.64382e+06 4.64157e+06
124 0.225 0.325 5.14278e-06 -1.47717e-06 3.34887e-05 1.08453e+06 15152.4 2.70485e+06 4.80715e+06
125 0.275 0.325 6.80551e-06 -2.0395e-06 3.37586e-05 1.42931e+06 496.649 2.72666e+06 4.93419e+06
126 0.325 0.325 8.50646e-06 -2.59318e-06 3.38147e-05 1.7835e+06 -9518.07 2.73119e+06 5.05728e+06
127 0.375 0.325 1.02037e-05 -3.09283e-06 3.381e-05 2.14058e+06 -7319.49 2.73081e+06 5.19324e+06
128 0.425 0.325 1.18781e-05 -3.5122e-06 3.38438e-05 2.49795e+06 11824.4 2.73354e+06 5.35042e+06
129 0.475 0.325 1.35065e-05 -3.81849e-06 3.40021e-05 2.85253e+06 53877.3 2.74632e+06 5.53291e+06
130 0.525 0.325 1.50452e-05 -3.95476e-06 3.43832e-05 3.19818e+06 128955 2.7771e+06 5.74191e+06
131 0.575 0.325 1.64143e-05 -3.82632e-06 3.51109e-05 3.52303e+06 253381 2.83588e+06 5.97578e+06
132 0.625 0.325 1.74742e-05 -3.28382e-06 3.63305e-05 3.80516e+06 451946 2.93439e+06 6.22861e+06
133 0.675 0.325 1.79845e-05 -2.10099e-06 3.81625e-05 4.00481e+06 760236 3.08236e+06 6.4865e+06
134 0.725 0.325 1.75388e-05 5.5767e-08 4.05532e-05 4.05128e+06 1.22709e+06 3.27545e+06 6.71811e+06
135 0.775 0.325 1.54879e-05 3.57623e-06 4.28401e-05 3.82172e+06 1.89752e+06 3.46016e+06 6.84635e+06
136 0.825 0.325 1.10098e-05 8.73571e-06 4.28825e-05 3.1455e+06 2.77815e+06 3.46359e+06 6.69797e+06
137 0.875 0.325 3.99402e-06 1.36212e-05 3.50534e-05 1.8647e+06 3.41985e+06 2.83124e+06 5.7309e+06
138 0.925 0.325 -9.54956e-07 1.28884e-05 1.79065e-05 671902 2.90814e+06 1.4463e+06 3.63732e+06
139 0.975 0.325 -6.75093e-07 1.99172e-06 1.37653e-06 -17902.5 412890 111181 463976
140 0.025 0.375 -8.85742e-06 1.50881e-07 2.00211e-05 -2.03357e+06 -578387 1.61709e+06 3.33747e+06
141 0.075 0.375 -8.57747e-06 8.56841e-07 2.53838e-05 -1.9201e+06 -396092 2.05023e+06 3.9615e+06
142 0.125 0.375 -7.60383e-06 1.57244e-06 2.73158e-05 -1.64587e+06 -163549 2.20627e+06 4.13151e+06
143 0.175 0.375 -5.47748e-06 1.47359e-06 2.76916e-05 -1.16202e+06 -39150.5 2.23663e+06 4.03904e+06
144 0.225 0.375 -2.85994e-06 8.22228e-07 2.78599e-05 -603064 -8251.25 2.25022e+06 3.94325e+06
145 0.275 0.375 -6.54417e-08 -4.4501e-09 2.79142e-05 -15410 -5557.53 2.25461e+06 3.90513e+06
146 0.325 0.375 2.78238e-06 -8.725e-07 2.78993e-05 581683 -8719.98 2.25341e+06 3.94677e+06
147 0.375 0.375 5.64004e-06 -1.72206e-06 2.78676e-05 1.18233e+06 -6933.4 2.25084e+06 4.07493e+06
148 0.425 0.375 8.49422e-06 -2.52744e-06 2.78913e-05 1.78523e+06 4804.93 2.25276e+06 4.2899e+06
149 0.475 0.375 1.1339e-05 -3.26613e-06 2.80646e-05 2.39059e+06 31287.8 2.26676e+06 4.58864e+06
150 0.525 0.375 1.41647e-05 -3.90335e-06 2.85179e-05 2.99854e+06 79859 2.30337e+06 4.96736e+06
151 0.575 0.375 1.69476e-05 -4.37886e-06 2.94403e-05 3.60784e+06 162791 2.37787e+06 5.42388e+06
152 0.625 0.375 1.96335e-05 -4.58837e-06 3.11077e-05 4.21315e+06 300387 2.51254e+06 5.95936e+06
153 0.675 0.375 2.20988e-05 -4.34557e-06 3.3908e-05 4.79888e+06 527094 2.73872e+06 6.57871e+06
154 0.725 0.375 2.40602e-05 -3.3128e-06 3.83327e-05 5.323e+06 901210 3.0961e+06 7.28745e+06
155 0.775 0.375 2.48613e-05 -8.08638e-07 4.48187e-05 5.68124e+06 1.53456e+06 3.61997e+06 8.07625e+06
156 0.825 0.375 2.30376e-05 4.20306e-06 5.27833e-05 5.60735e+06 2.56485e+06 4.26327e+06 8.84111e+06
157 0.875 0.375 1.57304e-05 1.39176e-05 5.7873e-05 4.59362e+06 4.30079e+06 4.67436e+06 9.24072e+06
158 0.925 0.375 1.03963e-06 2.06223e-05 3.81335e-05 1.66761e+06 4.83096e+06 3.08001e+06 6.82074e+06
159 0.975 0.375 7.12216e-07 6.56986e-06 5.14107e-06 619194 1.56543e+06 415240 1.54335e+06
160 0.025 0.425 -2.11014e-05 1.4875e-06 2.0186e-05 -4.76656e+06 -1.11759e+06 1.63041e+06 5.15914e+06
161 0.075 0.425 -2.15705e-05 4.17638e-06 2.22641e-05 -4.68868e+06 -529563 1.79826e+06 5.42976e+06
162 0.125 0.425 -1.86883e-05 5.09677e-06 2.00175e-05 -3.95983e+06 -117627 1.6168e+06 4.80316e+06
163 0.175 0.425 -1.49431e-05 4.33475e-06 1.92944e-05 -3.14831e+06 -34195.5 1.55839e+06 4.13414e+06
164 0.225 0.425 -1.10043e-05 3.27107e-06 1.90889e-05 -2.313e+06 -6975.86 1.5418e+06 3.53062e+06
165 0.275 0.425 -7.00875e-06 2.08539e-06 1.90278e-05 -1.47303e+06 -3977.75 1.53686e+06 3.04135e+06
166 0.325 0.425 -3.00011e-06 8.78188e-07 1.89745e-05 -631536 -5041.36 1.53256e+06 2.72798e+06
167 0.375 0.425 1.00877e-06 -3.22728e-07 1.89197e-05 210450 -4637.71 1.52813e+06 2.65534e+06
168 0.425 0.425 5.01944e-06 -1.50574e-06 1.89056e-05 1.05409e+06 21.3735 1.52699e+06 2.84714e+06
169 0.475 0.425 9.04524e-06 -2.66509e-06 1.90062e-05 1.90286e+06 11187.8 1.53512e+06 3.26642e+06
170 0.525 0.425 1.31126e-05 -3.79371e-06 1.93336e-05 2.76334e+06 32320.6 1.56156e+06 3.85528e+06
171 0.575 0.425 1.72646e-05 -4.87866e-06 2.00611e-05 3.64638e+06 69396.1 1.62032e+06 4.57429e+06
172 0.625 0.425 2.15654e-05 -5.8932e-06 2.14657e-05 4.56865e+06 133022 1.73377e+06 5.41298e+06
173 0.675 0.425 2.61004e-05 -6.77966e-06 2.40017e-05 5.55381e+06 242415 1.9386e+06 6.38997e+06
174 0.725 0.425 3.09538e-05 -7.38846e-06 2.84392e-05 6.63168e+06 437927 2.29701e+06 7.55616e+06
175 0.775 0.425 3.61094e-05 -7.37467e-06 3.6115e-05 7.82238e+06 798033 2.91698e+06 9.00613e+06
176 0.825 0.425 4.102e-05 -5.46869e-06 4.93911e-05 9.08756e+06 1.57784e+06 3.98928e+06 1.08847e+07
177 0.875 0.425 4.32155e-05 3.12862e-07 7.08682e-05 9.99446e+06 3.06404e+06 5.72397e+06 1.33021e+07
178 0.925 0.425 3.24833e-05 2.38408e-05 9.74246e-05 9.14667e+06 7.75057e+06 7.86891e+06 1.60811e+07
179 0.975 0.425 -9.20833e-06 2.26307e-05 2.41142e-05 -558259 4.58497e+06 1.94769e+06 5.93916e+06
180 0.025 0.475 -4.16328e-05 5.77498e-06 2.06345e-05 -9.20776e+06 -1.54958e+06 1.66663e+06 9.01382e+06
181 0.075 0.475 -3.56365e-05 1.0439e-05 9.5827e-06 -7.5011e+06 -58149.1 773988 7.5915e+06
182 0.125 0.475 -2.96839e-05 8.69813e-06 7.65254e-06 -6.24795e+06 -47777.8 618090 6.3156e+06
183 0.175 0.475 -2.43513e-05 7.28672e-06 7.20285e-06 -5.11506e+06 -4305.78 581769 5.21126e+06
184 0.225 0.475 -1.91348e-05 5.73294e-06 7.11604e-06 -4.01882e+06 -1728.98 574757 4.13945e+06
185 0.275 0.475 -1.39562e-05 4.18372e-06 7.09189e-06 -2.93102e+06 -724.25 572806 3.09404e+06
186 0.325 0.475 -8.79439e-06 2.63299e-06 7.06342e-06 -1.84719e+06 -1229.2 570507 2.09435e+06
187 0.375 0.475 -3.65289e-06 1.09024e-06 7.02615e-06 -767496 -1298.71 567496 1.24668e+06
188 0.425 0.475 1.47081e-06 -4.43587e-07 6.99787e-06 308707 -541.144 565213 1.02658e+06
189 0.475 0.475 6.59567e-06 -1.97224e-06 7.00848e-06 1.38554e+06 1491.81 566070 1.69675e+06
190 0.525 0.475 1.17667e-05 -3.50629e-06 7.10285e-06 2.47265e+06 5475.85 573692 2.66231e+06
191 0.575 0.475 1.7069e-05 -5.06588e-06 7.35201e-06 3.58828e+06 12650.4 593816 3.72671e+06
192 0.625 0.475 2.26518e-05 -6.68626e-06 7.8743e-06 4.76445e+06 25219.7 636001 4.8779e+06
193 0.675 0.475 2.87713e-05 -8.424e-06 8.87651e-06 6.05632e+06 47857.4 716949 6.15902e+06
194 0.725 0.475 3.58708e-05 -1.03779e-05 1.07448e-05 7.55942e+06 88464.4 867850 7.66442e+06
195 0.775 0.475 4.4725e-05 -1.26366e-05 1.42825e-05 9.4463e+06 180194 1.15358e+06 9.56844e+06
196 0.825 0.475 5.68353e-05 -1.55625e-05 2.14114e-05 1.20384e+07 343408 1.72938e+06 1.22425e+07
197 0.875 0.475 7.46851e-05 -1.74391e-05 3.78577e-05 1.60277e+07 1.1461e+06 3.05774e+06 1.63671e+07
198 0.925 0.475 0.00010527 -2.40358e-05 8.16693e-05 2.26291e+07 1.74121e+06 6.59637e+06 2.4622e+07
199 0.975 0.475 0.000141534 2.75894e-05 0.000220448 3.45717e+07 1.61653e+07 1.78054e+07 4.29972e+07
