# Element stress/strain results
# ElemID CenterX CenterY StrainX StrainY ShearXY StressX StressY ShearXY VonMises
0 0.025 0.025 3.09687e-05 -4.2169e-06 1.28744e-05 6.85468e+06 1.17086e+06 1.03986e+06 6.60118e+06
1 0.075 0.025 2.87405e-05 -8.19135e-06 2.88073e-06 6.06532e+06 99413.5 232675 6.02971e+06
2 0.125 0.025 2.76098e-05 -8.04456e-06 5.34093e-07 5.81457e+06 55013.3 43138.3 5.78774e+06
3 0.175 0.025 2.7422e-05 -8.17145e-06 -2.21777e-07 5.76243e+06 12726.3 -17912.8 5.75616e+06
4 0.225 0.025 2.75684e-05 -8.25487e-06 -4.50989e-07 5.79045e+06 3612.03 -36426 5.78899e+06
5 0.275 0.025 2.78296e-05 -8.35577e-06 -4.71558e-07 5.84374e+06 -1589.8 -38087.4 5.8449e+06
6 0.325 0.025 2.80855e-05 -8.44473e-06 -3.86443e-07 5.89662e+06 -4406.95 -31212.7 5.89908e+06
7 0.375 0.025 2.82653e-05 -8.51041e-06 -2.24761e-07 5.93358e+06 -7111.44 -18153.7 5.93722e+06
8 0.425 0.025 2.83064e-05 -8.5391e-06 2.65239e-08 5.94109e+06 -10883.9 2142.32 5.94654e+06
9 0.475 0.025 2.81288e-05 -8.51162e-06 4.13501e-07 5.902e+06 -16839.8 33398.2 5.91072e+06
10 0.525 0.025 2.76137e-05 -8.39674e-06 1.01243e-06 5.79108e+06 -25991.4 81772.8 5.80585e+06
11 0.575 0.025 2.65859e-05 -8.14489e-06 1.92494e-06 5.57132e+06 -39030.4 155476 5.59742e+06
12 0.625 0.025 2.48031e-05 -7.68142e-06 3.25991e-06 5.19199e+06 -55500.2 263301 5.23985e+06
13 0.675 0.025 2.19671e-05 -6.89921e-06 5.07537e-06 4.59169e+06 -71327.6 409934 4.68192e+06
14 0.725 0.025 1.77908e-05 -5.65972e-06 7.22256e-06 3.71375e+06 -74417.2 583361 3.88519e+06
15 0.775 0.025 1.21867e-05 -3.79861e-06 9.00782e-06 2.54934e+06 -32907.2 727555 2.85869e+06
16 0.825 0.025 5.71355e-06 -1.3995e-06 8.75174e-06 1.22162e+06 72591.2 706871 1.70527e+06
17 0.875 0.025 2.33971e-07 8.03251e-07 4.86974e-06 109603 201564 393325 703322
18 0.925 0.025 -1.97291e-06 1.34588e-06 -1.42687e-06 -362109 174003 -115247 514056
19 0.975 0.025 -5.62511e-07 -3.74911e-07 -3.29124e-06 -155765 -125461 -265831 482140
20 0.025 0.075 2.64438e-05 -2.19263e-06 9.74658e-06 5.95063e+06 1.32474e+06 787224 5.58042e+06
21 0.075 0.075 2.8542e-05 -5.85236e-06 6.52179e-06 6.18145e+06 625439 526760 5.96388e+06
22 0.125 0.075 2.8602e-05 -7.65484e-06 2.28158e-06 6.07051e+06 213636 184281 5.97509e+06
23 0.175 0.075 2.84132e-05 -8.14932e-06 3.04546e-07 5.99271e+06 86455.1 24597.9 5.9501e+06
24 0.225 0.075 2.833e-05 -8.38371e-06 -5.2907e-07 5.95728e+06 26605 -42732.6 5.94448e+06
25 0.275 0.075 2.83317e-05 -8.50754e-06 -7.60016e-07 5.94911e+06 -1849.96 -61385.9 5.95098e+06
26 0.325 0.075 2.83643e-05 -8.59303e-06 -6.53254e-07 5.95072e+06 -19321.1 -52762.8 5.9611e+06
27 0.375 0.075 2.83813e-05 -8.66513e-06 -3.04362e-07 5.94963e+06 -34787.5 -24583.1 5.96726e+06
28 0.425 0.075 2.83429e-05 -8.74002e-06 2.95397e-07 5.9356e+06 -54724.5 23859 5.96329e+06
29 0.475 0.075 2.82074e-05 -8.82817e-06 1.23342e-06 5.89822e+06 -84449.7 99622.2 5.9434e+06
30 0.525 0.075 2.79222e-05 -8.93355e-06 2.66125e-06 5.8251e+06 -128516 214947 5.90216e+06
31 0.575 0.075 2.74173e-05 -9.04701e-06 4.7761e-06 5.70073e+06 -189652 385762 5.83626e+06
32 0.625 0.075 2.65979e-05 -9.12875e-06 7.7783e-06 5.50598e+06 -265244 628247 5.74723e+06
33 0.675 0.075 2.53288e-05 -9.06686e-06 1.17708e-05 5.2174e+06 -338822 950722 5.64052e+06
34 0.725 0.075 2.3388e-05 -8.58258e-06 1.65447e-05 4.80305e+06 -361426 1.3363e+06 5.50391e+06
35 0.775 0.075 2.03537e-05 -7.10459e-06 2.11809e-05 4.20514e+06 -230420 1.71077e+06 5.24266e+06
36 0.825 0.075 1.54708e-05 -3.69668e-06 2.34494e-05 3.31426e+06 217976 1.89399e+06 4.59031e+06
37 0.875 0.075 8.28233e-06 1.09066e-06 1.84707e-05 1.98681e+06 825082 1.49186e+06 3.109e+06
38 0.925 0.075 2.32693e-06 3.34227e-06 5.87315e-06 768372 932388 474370 1.19097e+06
39 0.975 0.075 6.023e-07 -1.62551e-06 -3.66438e-06 26457.2 -333420 -295969 619261
40 0.025 0.125 2.55462e-05 -1.56366e-06 6.33583e-06 5.78703e+06 1.40774e+06 511741 5.30193e+06
41 0.075 0.125 2.72484e-05 -4.45533e-06 5.02033e-06 5.97965e+06 858276 405488 5.64393e+06
42 0.125 0.125 2.83226e-05 -6.57587e-06 2.7679e-06 6.08074e+06 443289 223561 5.88441e+06
43 0.175 0.125 2.86545e-05 -7.73558e-06 8.329e-07 6.07704e+06 198638 67272.7 5.98133e+06
44 0.225 0.125 2.87178e-05 -8.29213e-06 -1.95536e-07 6.0531e+06 74583.9 -15793.3 6.01622e+06
45 0.275 0.125 2.87032e-05 -8.5858e-06 -5.78528e-07 6.02942e+06 5809.94 -46727.2 6.02706e+06
46 0.325 0.125 2.86757e-05 -8.76583e-06 -5.31388e-07 6.0106e+06 -37642.5 -42919.8 6.02997e+06
47 0.375 0.125 2.86606e-05 -8.92483e-06 -1.62983e-07 5.99612e+06 -75377.4 -13164 6.03421e+06
48 0.425 0.125 2.86747e-05 -9.12821e-06 5.23127e-07 5.98529e+06 -121338 42252.6 6.04732e+06
49 0.475 0.125 2.87361e-05 -9.431e-06 1.60967e-06 5.9785e+06 -186961 130012 6.07831e+06
50 0.525 0.125 2.88685e-05 -9.88062e-06 3.24858e-06 5.97791e+06 -281558 262385 6.14039e+06
51 0.575 0.125 2.90999e-05 -1.05086e-05 5.64061e-06 5.98785e+06 -410460 455587 6.25326e+06
52 0.625 0.125 2.94527e-05 -1.13032e-05 9.00486e-06 6.01424e+06 -569406 727316 6.44258e+06
53 0.675 0.125 2.99041e-05 -1.21434e-05 1.35364e-05 6.06025e+06 -732029 1.09332e+06 6.7294e+06
54 0.725 0.125 3.02826e-05 -1.26693e-05 1.93684e-05 6.11118e+06 -827195 1.56437e+06 7.10124e+06
55 0.775 0.125 3.00249e-05 -1.20394e-05 2.65462e-05 6.09532e+06 -699685 2.14412e+06 7.46317e+06
56 0.825 0.125 2.77306e-05 -8.76759e-06 3.47458e-05 5.79238e+06 -103479 2.80639e+06 7.60193e+06
57 0.875 0.125 2.03271e-05 5.39029e-08 4.1026e-05 4.6946e+06 1.4197e+06 3.31364e+06 7.0944e+06
58 0.925 0.125 5.569e-06 8.47763e-06 2.68754e-05 1.87207e+06 2.34192e+06 2.17071e+06 4.32908e+06
59 0.975 0.125 2.87963e-06 -1.56769e-07 2.09813e-06 653677 163182 169464 658338
60 0.025 0.175 2.51638e-05 -1.31261e-06 3.62913e-06 5.71615e+06 1.4392e+06 293122 5.17462e+06
61 0.075 0.175 2.67252e-05 -3.80734e-06 3.01707e-06 5.90376e+06 971588 243687 5.49914e+06
62 0.125 0.175 2.78863e-05 -5.85889e-06 1.9056e-06 6.02969e+06 578539 153914 5.76841e+06
63 0.175 0.175 2.85592e-05 -7.26912e-06 7.90658e-07 6.08735e+06 299689 63860.9 5.9442e+06
64 0.225 0.175 2.88393e-05 -8.11397e-06 3.04724e-08 6.09349e+06 124112 2461.24 6.03239e+06
65 0.275 0.175 2.89168e-05 -8.59563e-06 -3.01382e-07 6.07802e+06 18321.9 -24342.4 6.06902e+06
66 0.325 0.175 2.89228e-05 -8.90238e-06 -2.99597e-07 6.05818e+06 -52045.1 -24198.3 6.08452e+06
67 0.375 0.175 2.89478e-05 -9.17305e-06 -3.28012e-08 6.04521e+06 -112778 -2649.33 6.10238e+06
68 0.425 0.175 2.90652e-05 -9.51896e-06 4.92359e-07 6.04835e+06 -184478 39767.4 6.14305e+06
69 0.475 0.175 2.93495e-05 -1.00359e-05 1.33159e-06 6.07816e+06 -284097 107551 6.22786e+06
70 0.525 0.175 2.98882e-05 -1.08093e-05 2.59227e-06 6.14895e+06 -425261 209376 6.38254e+06
71 0.575 0.175 3.07873e-05 -1.19063e-05 4.42186e-06 6.28047e+06 -616183 357150 6.63902e+06
72 0.625 0.175 3.2166e-05 -1.3351e-05 7.00153e-06 6.49862e+06 -854130 565508 7.03361e+06
73 0.675 0.175 3.41358e-05 -1.50735e-05 1.05695e-05 6.83395e+06 -1.11524e+06 853694 7.59964e+06
74 0.725 0.175 3.67508e-05 -1.68229e-05 1.55368e-05 7.3163e+06 -1.33792e+06 1.25489e+06 8.3565e+06
75 0.775 0.175 3.99099e-05 -1.80455e-05 2.28293e-05 7.96067e+06 -1.40136e+06 1.84391e+06 9.31085e+06
76 0.825 0.175 4.30646e-05 -1.7484e-05 3.45151e-05 8.72755e+06 -1.05338e+06 2.78775e+06 1.0478e+07
77 0.875 0.175 4.42439e-05 -1.28023e-05 5.49523e-05 9.32383e+06 108662 4.43846e+06 1.20429e+07
78 0.925 0.175 3.31448e-05 9.82614e-06 8.27064e-05 8.32907e+06 4.56221e+06 6.68013e+06 1.36404e+07
79 0.975 0.175 -5.62599e-06 1.29878e-05 2.17714e-05 -399153 2.60768e+06 1.75846e+06 4.15653e+06
80 0.025 0.225 2.50267e-05 -1.21149e-06 1.18085e-06 5.69151e+06 1.45304e+06 95376.4 5.12464e+06
81 0.075 0.225 2.64966e-05 -3.5358e-06 1.00071e-06 5.86981e+06 1.01843e+06 80826.5 5.43447e+06
82 0.125 0.225 2.76781e-05 -5.52873e-06 6.64599e-07 6.0045e+06 640315 53679.2 5.71208e+06
83 0.175 0.225 2.84524e-05 -7.01219e-06 3.05513e-07 6.08048e+06 351583 24676 5.91269e+06
84 0.225 0.225 2.88541e-05 -7.98715e-06 4.17666e-08 6.10568e+06 154402 3373.46 6.02996e+06
85 0.275 0.225 2.90073e-05 -8.58402e-06 -8.66096e-08 6.09971e+06 27270.7 -6995.39 6.08614e+06
86 0.325 0.225 2.9056e-05 -8.97507e-06 -9.14896e-08 6.08388e+06 -59602.3 -7389.54 6.11391e+06
87 0.375 0.225 2.91232e-05 -9.32073e-06 4.75883e-09 6.07545e+06 -134717 384.367 6.14392e+06
88 0.425 0.225 2.93159e-05 -9.7575e-06 1.99679e-07 6.08968e+06 -222171 16127.9 6.20381e+06
89 0.475 0.225 2.97417e-05 -1.0405e-05 5.12657e-07 6.14312e+06 -342117 41406.9 6.32154e+06
90 0.525 0.225 3.05247e-05 -1.13707e-05 9.82185e-07 6.25696e+06 -510755 79330.3 6.52879e+06
91 0.575 0.225 3.1815e-05 -1.27442e-05 1.66266e-06 6.45963e+06 -738399 134292 6.86265e+06
92 0.625 0.225 3.37937e-05 -1.45798e-05 2.62635e-06 6.78917e+06 -1.02501e+06 212129 7.36461e+06
93 0.675 0.225 3.66801e-05 -1.68702e-05 3.98436e-06 7.29671e+06 -1.35372e+06 321814 8.07855e+06
94 0.725 0.225 4.07678e-05 -1.95323e-05 5.96667e-06 8.05573e+06 -1.68506e+06 481923 9.05568e+06
95 0.775 0.225 4.6551e-05 -2.24325e-05 9.1316e-06 9.18952e+06 -1.95397e+06 737552 1.03852e+07
96 0.825 0.225 5.50829e-05 -2.55271e-05 1.5105e-05 1.09442e+07 -2.07744e+06 1.22002e+06 1.23001e+07
97 0.875 0.225 6.87588e-05 -2.86326e-05 2.81134e-05 1.38852e+07 -1.8473e+06 2.27069e+06 1.54055e+07
98 0.925 0.225 9.37825e-05 -3.24931e-05 7.29176e-05 1.93926e+07 -1.00576e+06 5.8895e+06 2.23751e+07
99 0.975 0.225 0.000124004 1.81791e-05 0.000192583 2.98748e+07 1.278e+07 1.55548e+07 3.74151e+07
100 0.025 0.275 2.50267e-05 -1.21149e-06 -1.18085e-06 5.69151e+06 1.45304e+06 -95376.4 5.12464e+06
101 0.075 0.275 2.64966e-05 -3.5358e-06 -1.00071e-06 5.86981e+06 1.01843e+06 -80826.5 5.43447e+06
102 0.125 0.275 2.76781e-05 -5.52873e-06 -6.64599e-07 6.0045e+06 640315 -53679.2 5.71208e+06
103 0.175 0.275 2.84524e-05 -7.01219e-06 -3.05513e-07 6.08048e+06 351583 -24676 5.91269e+06
104 0.225 0.275 2.88541e-05 -7.98715e-06 -4.17666e-08 6.10568e+06 154402 -3373.46 6.02996e+06
105 0.275 0.275 2.90073e-05 -8.58402e-06 8.66096e-08 6.09971e+06 27270.7 6995.39 6.08614e+06
106 0.325 0.275 2.9056e-05 -8.97507e-06 9.14896e-08 6.08388e+06 -59602.3 7389.54 6.11391e+06
107 0.375 0.275 2.91232e-05 -9.32073e-06 -4.75883e-09 6.07545e+06 -134717 -384.367 6.14392e+06
108 0.425 0.275 2.93159e-05 -9.7575e-06 -1.99679e-07 6.08968e+06 -222171 -16127.9 6.20381e+06
109 0.475 0.275 2.97417e-05 -1.0405e-05 -5.12657e-07 6.14312e+06 -342117 -41406.9 6.32154e+06
110 0.525 0.275 3.05247e-05 -1.13707e-05 -9.82185e-07 6.25696e+06 -510755 -79330.3 6.52879e+06
111 0.575 0.275 3.1815e-05 -1.27442e-05 -1.66266e-06 6.45963e+06 -738399 -134292 6.86265e+06
112 0.625 0.275 3.37937e-05 -1.45798e-05 -2.62635e-06 6.78917e+06 -1.02501e+06 -212129 7.36461e+06
113 0.675 0.275 3.66801e-05 -1.68702e-05 -3.98436e-06 7.29671e+06 -1.35372e+06 -321814 8.07855e+06
114 0.725 0.275 4.07678e-05 -1.95323e-05 -5.96667e-06 8.05573e+06 -1.68506e+06 -481923 9.05568e+06
115 0.775 0.275 4.6551e-05 -2.24325e-05 -9.1316e-06 9.18952e+06 -1.95397e+06 -737552 1.03852e+07
116 0.825 0.275 5.50829e-05 -2.55271e-05 -1.5105e-05 1.09442e+07 -2.07744e+06 -1.22002e+06 1.23001e+07
117 0.875 0.275 6.87588e-05 -2.86326e-05 -2.81134e-05 1.38852e+07 -1.8473e+06 -2.27069e+06 1.54055e+07
118 0.925 0.275 9.37825e-05 -3.24931e-05 -7.29176e-05 1.93926e+07 -1.00576e+06 -5.8895e+06 2.23751e+07
119 0.975 0.275 0.000124004 1.81791e-05 -0.000192583 2.98748e+07 1.278e+07 -1.55548e+07 3.74151e+07
120 0.025 0.325 2.51638e-05 -1.31261e-06 -3.62913e-06 5.71615e+06 1.4392e+06 -293122 5.17462e+06
121 0.075 0.325 2.67252e-05 -3.80734e-06 -3.01707e-06 5.90376e+06 971588 -243687 5.49914e+06
122 0.125 0.325 2.78863e-05 -5.85889e-06 -1.9056e-06 6.02969e+06 578539 -153914 5.76841e+06
123 0.175 0.325 2.85592e-05 -7.26912e-06 -7.90658e-07 6.08735e+06 299689 -63860.9 5.9442e+06
124 0.225 0.325 2.88393e-05 -8.11397e-06 -3.04724e-08 6.09349e+06 124112 -2461.24 6.03239e+06
125 0.275 0.325 2.89168e-05 -8.59563e-06 3.01382e-07 6.07802e+06 18321.9 24342.4 6.06902e+06
126 0.325 0.325 2.89228e-05 -8.90238e-06 2.99597e-07 6.05818e+06 -52045.1 24198.3 6.08452e+06
127 0.375 0.325 2.89478e-05 -9.17305e-06 3.28012e-08 6.04521e+06 -112778 2649.33 6.10238e+06
128 0.425 0.325 2.90652e-05 -9.51896e-06 -4.92359e-07 6.04835e+06 -184478 -39767.4 6.14305e+06
129 0.475 0.325 2.93495e-05 -1.00359e-05 -1.33159e-06 6.07816e+06 -284097 -107551 6.22786e+06
130 0.525 0.325 2.98882e-05 -1.08093e-05 -2.59227e-06 6.14895e+06 -425261 -209376 6.38254e+06
131 0.575 0.325 3.07873e-05 -1.19063e-05 -4.42186e-06 6.28047e+06 -616183 -357150 6.63902e+06
132 0.625 0.325 3.2166e-05 -1.3351e-05 -7.00153e-06 6.49862e+06 -854130 -565508 7.03361e+06
133 0.675 0.325 3.41358e-05 -1.50735e-05 -1.05695e-05 6.83395e+06 -1.11524e+06 -853694 7.59964e+06
134 0.725 0.325 3.67508e-05 -1.68229e-05 -1.55368e-05 7.3163e+06 -1.33792e+06 -1.25489e+06 8.3565e+06
135 0.775 0.325 3.99099e-05 -1.80455e-05 -2.28293e-05 7.96067e+06 -1.40136e+06 -1.84391e+06 9.31085e+06
136 0.825 0.325 4.30646e-05 -1.7484e-05 -3.45151e-05 8.72755e+06 -1.05338e+06 -2.78775e+06 1.0478e+07
137 0.875 0.325 4.42439e-05 -1.28023e-05 -5.49523e-05 9.32383e+06 108662 -4.43846e+06 1.20429e+07
138 0.925 0.325 3.31448e-05 9.82614e-06 -8.27064e-05 8.32907e+06 4.56221e+06 -6.68013e+06 1.36404e+07
139 0.975 0.325 -5.62599e-06 1.29878e-05 -2.17714e-05 -399153 2.60768e+06 -1.75846e+06 4.15653e+06
140 0.025 0.375 2.55462e-05 -1.56366e-06 -6.33583e-06 5.78703e+06 1.40774e+06 -511741 5.30193e+06
141 0.075 0.375 2.72484e-05 -4.45533e-06 -5.02033e-06 5.97965e+06 858276 -405488 5.64393e+06
142 0.125 0.375 2.83226e-05 -6.57587e-06 -2.7679e-06 6.08074e+06 443289 -223561 5.88441e+06
143 0.175 0.375 2.86545e-05 -7.73558e-06 -8.329e-07 6.07704e+06 198638 -67272.7 5.98133e+06
144 0.225 0.375 2.87178e-05 -8.29213e-06 1.95536e-07 6.0531e+06 74583.9 15793.3 6.01622e+06
145 0.275 0.375 2.87032e-05 -8.5858e-06 5.78528e-07 6.02942e+06 5809.94 46727.2 6.02706e+06
146 0.325 0.375 2.86757e-05 -8.76583e-06 5.31388e-07 6.0106e+06 -37642.5 42919.8 6.02997e+06
147 0.375 0.375 2.86606e-05 -8.92483e-06 1.62983e-07 5.99612e+06 -75377.4 13164 6.03421e+06
148 0.425 0.375 2.86747e-05 -9.12821e-06 -5.23127e-07 5.98529e+06 -121338 -42252.6 6.04732e+06
149 0.475 0.375 2.87361e-05 -9.431e-06 -1.60967e-06 5.9785e+06 -186961 -130012 6.07831e+06
150 0.525 0.375 2.88685e-05 -9.88062e-06 -3.24858e-06 5.97791e+06 -281558 -262385 6.14039e+06
151 0.575 0.375 2.90999e-05 -1.05086e-05 -5.64061e-06 5.98785e+06 -410460 -455587 6.25326e+06
152 0.625 0.375 2.94527e-05 -1.13032e-05 -9.00486e-06 6.01424e+06 -569406 -727316 6.44258e+06
153 0.675 0.375 2.99041e-05 -1.21434e-05 -1.35364e-05 6.06025e+06 -732029 -1.09332e+06 6.7294e+06
154 0.725 0.375 3.02826e-05 -1.26693e-05 -1.93684e-05 6.11118e+06 -827195 -1.56437e+06 7.10124e+06
155 0.775 0.375 3.00249e-05 -1.20394e-05 -2.65462e-05 6.09532e+06 -699685 -2.14412e+06 7.46317e+06
156 0.825 0.375 2.77306e-05 -8.76759e-06 -3.47458e-05 5.79238e+06 -103479 -2.80639e+06 7.60193e+06
157 0.875 0.375 2.03271e-05 5.39029e-08 -4.1026e-05 4.6946e+06 1.4197e+06 -3.31364e+06 7.0944e+06
158 0.925 0.375 5.569e-06 8.47763e-06 -2.68754e-05 1.87207e+06 2.34192e+06 -2.17071e+06 4.32908e+06
159 0.975 0.375 2.87963e-06 -1.56769e-07 -2.09813e-06 653677 163182 -169464 658338
160 0.025 0.425 2.64438e-05 -2.19263e-06 -9.74658e-06 5.95063e+06 1.32474e+06 -787224 5.58042e+06
161 0.075 0.425 2.8542e-05 -5.85236e-06 -6.52179e-06 6.18145e+06 625439 -526760 5.96388e+06
162 0.125 0.425 2.8602e-05 -7.65484e-06 -2.28158e-06 6.07051e+06 213636 -184281 5.97509e+06
163 0.175 0.425 2.84132e-05 -8.14932e-06 -3.04546e-07 5.99271e+06 86455.1 -24597.9 5.9501e+06
164 0.225 0.425 2.833e-05 -8.38371e-06 5.2907e-07 5.95728e+06 26605 42732.6 5.94448e+06
165 0.275 0.425 2.83317e-05 -8.50754e-06 7.60016e-07 5.94911e+06 -1849.96 61385.9 5.95098e+06
166 0.325 0.425 2.83643e-05 -8.59303e-06 6.53254e-07 5.95072e+06 -19321.1 52762.8 5.9611e+06
167 0.375 0.425 2.83813e-05 -8.66513e-06 3.04362e-07 5.94963e+06 -34787.5 24583.1 5.96726e+06
168 0.425 0.425 2.83429e-05 -8.74002e-06 -2.95397e-07 5.9356e+06 -54724.5 -23859 5.96329e+06
169 0.475 0.425 2.82074e-05 -8.82817e-06 -1.23342e-06 5.89822e+06 -84449.7 -99622.2 5.9434e+06
170 0.525 0.425 2.79222e-05 -8.93355e-06 -2.66125e-06 5.8251e+06 -128516 -214947 5.90216e+06
171 0.575 0.425 2.74173e-05 -9.04701e-06 -4.7761e-06 5.70073e+06 -189652 -385762 5.83626e+06
172 0.625 0.425 2.65979e-05 -9.12875e-06 -7.7783e-06 5.50598e+06 -265244 -628247 5.74723e+06
173 0.675 0.425 2.53288e-05 -9.06686e-06 -1.17708e-05 5.2174e+06 -338822 -950722 5.64052e+06
174 0.725 0.425 2.3388e-05 -8.58258e-06 -1.65447e-05 4.80305e+06 -361426 -1.3363e+06 5.50391e+06
175 0.775 0.425 2.03537e-05 -7.10459e-06 -2.11809e-05 4.20514e+06 -230420 -1.71077e+06 5.24266e+06
176 0.825 0.425 1.54708e-05 -3.69668e-06 -2.34494e-05 3.31426e+06 217976 -1.89399e+06 4.59031e+06
177 0.875 0.425 8.28233e-06 1.09066e-06 -1.84707e-05 1.98681e+06 825082 -1.49186e+06 3.109e+06
178 0.925 0.425 2.32693e-06 3.34227e-06 -5.87315e-06 768372 932388 -474370 1.19097e+06
179 0.975 0.425 6.023e-07 -1.62551e-06 3.66438e-06 26457.2 -333420 295969 619261
180 0.025 0.475 3.09687e-05 -4.2169e-06 -1.28744e-05 6.85468e+06 1.17086e+06 -1.03986e+06 6.60118e+06
181 0.075 0.475 2.87405e-05 -8.19135e-06 -2.88073e-06 6.06532e+06 99413.5 -232675 6.02971e+06
182 0.125 0.475 2.76098e-05 -8.04456e-06 -5.34093e-07 5.81457e+06 55013.3 -43138.3 5.78774e+06
183 0.175 0.475 2.7422e-05 -8.17145e-06 2.21777e-07 5.76243e+06 12726.3 17912.8 5.75616e+06
184 0.225 0.475 2.75684e-05 -8.25487e-06 4.50989e-07 5.79045e+06 3612.03 36426 5.78899e+06
185 0.275 0.475 2.78296e-05 -8.35577e-06 4.71558e-07 5.84374e+06 -1589.8 38087.4 5.8449e+06
186 0.325 0.475 2.80855e-05 -8.44473e-06 3.86443e-07 5.89662e+06 -4406.95 31212.7 5.89908e+06
187 0.375 0.475 2.82653e-05 -8.51041e-06 2.24761e-07 5.93358e+06 -7111.44 18153.7 5.93722e+06
188 0.425 0.475 2.83064e-05 -8.5391e-06 -2.65239e-08 5.94109e+06 -10883.9 -2142.32 5.94654e+06
189 0.475 0.475 2.81288e-05 -8.51162e-06 -4.13501e-07 5.902e+06 -16839.8 -33398.2 5.91072e+06
190 0.525 0.475 2.76137e-05 -8.39674e-06 -1.01243e-06 5.79108e+06 -25991.4 -81772.8 5.80585e+06
191 0.575 0.475 2.65859e-05 -8.14489e-06 -1.92494e-06 5.57132e+06 -39030.4 -155476 5.59742e+06
192 0.625 0.475 2.48031e-05 -7.68142e-06 -3.25991e-06 5.19199e+06 -55500.2 -263301 5.23985e+06
193 0.675 0.475 2.19671e-05 -6.89921e-06 -5.07537e-06 4.59169e+06 -71327.6 -409934 4.68192e+06
194 0.725 0.475 1.77908e-05 -5.65972e-06 -7.22256e-06 3.71375e+06 -74417.2 -583361 3.88519e+06
195 0.775 0.475 1.21867e-05 -3.79861e-06 -9.00782e-06 2.54934e+06 -32907.2 -727555 2.85869e+06
196 0.825 0.475 5.71355e-06 -1.3995e-06 -8.75174e-06 1.22162e+06 72591.2 -706871 1.70527e+06
197 0.875 0.475 2.33971e-07 8.03251e-07 -4.86974e-06 109603 201564 -393325 703322
198 0.925 0.475 -1.97291e-06 1.34588e-06 1.42687e-06 -362109 174003 115247 514056
199 0.975 0.475 -5.62511e-07 -3.74911e-07 3.29124e-06 -155765 -125461 265831 482140
